 0.0000000e+00 -3.8501304e-02 -1.5393405e-01
 1.0000000e-03 -3.8572730e-02 -2.3107951e-01
 2.0000000e-03 -3.8680524e-02 -3.0844056e-01
 3.0000000e-03 -3.8825479e-02 -3.8609151e-01
 4.0000000e-03 -3.9008670e-02 -4.6410885e-01
 5.0000000e-03 -3.9231441e-02 -5.4257173e-01
 6.0000000e-03 -3.9495429e-02 -6.2156259e-01
 7.0000000e-03 -3.9802535e-02 -7.0116766e-01
 8.0000000e-03 -4.0154900e-02 -7.8147746e-01
 9.0000000e-03 -4.0554932e-02 -8.6258733e-01
 1.0000000e-02 -4.1004918e-02 -9.4459716e-01
 1.1000000e-02 -4.1506769e-02 -1.0276107e+00
 1.2000000e-02 -4.2062135e-02 -1.1117350e+00
 1.3000000e-02 -4.2671623e-02 -1.1970782e+00
 1.4000000e-02 -4.3334059e-02 -1.2837463e+00
 1.5000000e-02 -4.4045429e-02 -1.3718372e+00
 1.6000000e-02 -4.4797450e-02 -1.4614321e+00
 1.7000000e-02 -4.5575976e-02 -1.5525840e+00
 1.8000000e-02 -4.6358793e-02 -1.6453016e+00
 1.9000000e-02 -4.7114268e-02 -1.7395302e+00
 2.0000000e-02 -4.7800678e-02 -1.8351315e+00
 2.1000000e-02 -4.8369518e-02 -1.9318706e+00
 2.2000000e-02 -4.8788586e-02 -2.0294477e+00
 2.3000000e-02 -4.8993158e-02 -2.1274340e+00
 2.4000000e-02 -4.9016780e-02 -2.2254676e+00
 2.5000000e-02 -4.8881246e-02 -2.3232301e+00
 2.6000000e-02 -4.8622865e-02 -2.4204758e+00
